114,0
93,0
36,0
43,0
76,0
120,0
71,0
137,0
123,0
128,0
91,0
51,0
146,0
35,0
82,0
21,0
110,0
134,0
28,0
136,0
42,0
123,0
1,0
151,0
5,0
108,0
13,0
111,0
77,0
81,0
51,0
4,0
93,0
113,0
47,0
110,0
116,0
76,0
36,0
145,0
45,0
143,0
24,0
83,0
123,0
57,0
133,0
13,0
1,0
13,0
100,0
114,0
30,0
145,0
81,0
18,0
94,0
3,0
60,0
145,0
149,0
90,0
42,0
7,0
111,0
100,0
29,0
124,0
71,0
5,0
83,0
68,0
39,0
78,0
148,0
9,0
48,0
76,0
60,0
143,0
71,0
28,0
52,0
111,0
140,0
58,0
7,0
139,0
7,0
85,0
100,0
22,0
129,0
149,0
9,0
110,0
25,0
96,0
37,0
32,0
62,0
82,0
65,0
56,0
19,0
136,0
129,0
49,0
137,0
5,0
7,0
127,0
7,0
118,0
99,0
143,0
123,0
24,0
86,0
31,0
113,0
92,0
36,0
12,0
6,0
5,0
46,0
6,0
36,0
45,0
74,0
142,0
60,0
105,0
17,0
148,0
28,0
60,0
119,0
64,0
81,0
38,0
36,0
29,0
55,0
13,0
128,0
14,0
21,0
5,0
20,0
104,0
52,0
97,0
21,0
143,0
129,0
77,0
96,0
23,0
90,0
146,0
27,0
42,0
29,0
148,0
37,0
124,0
14,0
37,0
54,0
82,0
100,0
30,0
62,0
32,0
115,0
104,0
40,0
149,0
71,0
95,0
24,0
87,0
71,0
7,0
76,0
144,0
26,0
145,0
47,0
118,0
82,0
127,0
123,0
104,0
89,0
100,0
109,0
71,0
39,0
36,0
37,0
22,0
109,0
40,0
120,0
51,0
22,0
54,0
14,0
66,0
29,0
63,0
84,0
8,0
144,0
29,0
68,0
109,0
8,0
56,0
101,0
1,0
93,0
126,0
88,0
120,0
109,0
50,0
32,0
87,0
125,0
101,0
128,0
142,0
105,0
24,0
144,0
89,0
69,0
7,0
0,0
55,0
107,0
41,0
124,0
139,0
93,0
142,0
19,0
71,0
146,0
45,0
35,0
6,0
145,0
33,0
56,0
130,0
1,0
25,0
68,0
42,0
48,0
43,0
117,0
144,0
40,0
10,0
115,0
31,0
37,0
141,0
16,0
77,0
6,0
30,0
8,0
114,0
4,0
154,0
88,0
128,0
10,0
111,0
35,0
29,0
21,0
76,0
128,0
20,0
41,0
43,0
101,0
150,0
134,0
31,0
137,0
5,0
115,0
146,0
75,0
72,0
70,0
82,0
4,0
101,0
81,0
142,0
33,0
101,0
3,0
94,0
139,0
35,0
148,0
127,0
83,0
30,0
37,0
54,0
123,0
54,0
88,0
28,0
149,0
123,0
62,0
82,0
104,0
146,0
43,0
108,0
14,0
84,0
42,0
84,0
94,0
69,0
149,0
30,0
77,0
81,0
36,0
128,0
128,0
61,0
6,0
63,0
6,0
114,0
112,0
150,0
24,0
7,0
122,0
48,0
129,0
10,0
111,0
101,0
18,0
46,0
121,0
127,0
145,0
124,0
37,0
125,0
27,0
5,0
59,0
96,0
144,0
91,0
7,0
24,0
48,0
147,0
54,0
13,0
149,0
46,0
8,0
89,0
137,0
13,0
45,0
57,0
57,0
146,0
111,0
84,0
83,0
72,0
61,0
144,0
96,0
128,0
72,0
128,0
19,0
5,0
29,0
7,0
28,0
98,0
0,0
122,0
130,0
22,0
123,0
9,0
4,0
47,0
29,0
12,0
130,0
129,0
25,0
82,0
11,0
141,0
45,0
123,0
71,0
21,0
80,0
26,0
3,0
71,0
154,0
102,0
99,0
145,0
34,0
70,0
13,0
62,0
69,0
14,0
68,0
56,0
84,0
97,0
128,0
95,0
7,0
137,0
69,0
57,0
95,0
139,0
123,0
21,0
68,0
80,0
46,0
122,0
137,0
123,0
65,0
141,0
144,0
8,0
139,0
60,0
61,0
30,0
133,0
48,0
118,0
94,0
33,0
50,0
119,0
6,0
47,0
24,0
110,0
1,0
33,0
123,0
123,0
126,0
70,0
64,0
96,0
71,0
48,0
5,0
11,0
16,0
139,0
78,0
126,0
128,0
143,0
58,0
109,0
53,0
71,0
64,0
12,0
97,0
126,0
4,0
123,0
71,0
142,0
140,0
14,0
11,0
117,0
114,0
85,0
129,0
1,0
111,0
8,0
53,0
36,0
44,0
28,0
95,0
108,0
18,0
31,0
61,0
102,0
55,0
44,0
36,0
63,0
67,0
79,0
7,0
6,0
40,0
57,0
124,0
6,0
4,0
130,0
82,0
14,0
119,0
60,0
48,0
37,0
40,0
111,0
30,0
11,0
76,0
46,0
96,0
68,0
34,0
59,0
83,0
5,0
23,0
143,0
50,0
54,0
130,0
31,0
25,0
74,0
97,0
37,0
35,0
134,0
46,0
33,0
52,0
4,0
8,0
51,0
5,0
150,0
64,0
96,0
46,0
75,0
47,0
124,0
0,0
108,0
107,0
24,0
76,0
148,0
127,0
72,0
23,0
66,0
59,0
124,0
59,0
129,0
1,0
128,0
121,0
4,0
99,0
117,0
126,0
103,0
36,0
54,0
23,0
9,0
48,0
6,0
137,0
47,0
12,0
35,0
120,0
79,0
126,0
8,0
50,0
76,0
50,0
82,0
149,0
53,0
48,0
128,0
57,0
127,0
68,0
121,0
78,0
67,0
1,0
79,0
123,0
128,0
77,0
46,0
96,0
10,0
142,0
129,0
7,0
115,0
71,0
102,0
21,0
40,0
6,0
79,0
15,0
86,0
63,0
34,0
123,0
56,0
50,0
116,0
123,0
141,0
64,0
153,0
36,0
27,0
71,0
144,0
134,0
67,0
123,0
141,0
120,0
105,0
145,0
128,0
109,0
71,0
44,0
64,0
28,0
47,0
46,0
72,0
114,0
106,0
7,0
129,0
123,0
26,0
0,0
81,0
143,0
124,0
111,0
151,0
6,0
35,0
124,0
79,0
95,0
4,0
8,0
123,0
124,0
40,0
77,0
32,0
14,0
127,0
143,0
120,0
25,0
149,0
25,0
5,0
100,0
106,0
59,0
6,0
127,0
36,0
6,0
18,0
64,0
26,0
30,0
22,0
118,0
56,0
129,0
127,0
142,0
88,0
144,0
37,0
20,0
95,0
71,0
36,0
125,0
115,0
36,0
7,0
47,0
9,0
23,0
128,0
111,0
4,0
93,0
132,0
124,0
123,0
91,0
154,0
123,0
96,0
47,0
29,0
20,0
35,0
13,0
6,0
124,0
123,0
143,0
31,0
123,0
148,0
40,0
98,0
113,0
115,0
15,0
51,0
96,0
7,0
112,0
33,0
94,0
69,0
91,0
0,0
143,0
37,0
100,0
63,0
151,0
29,0
120,0
6,0
29,0
63,0
139,0
106,0
32,0
114,0
57,0
7,0
87,0
122,0
104,0
73,0
4,0
110,0
105,0
1,0
71,0
50,0
148,0
6,0
92,0
151,0
37,0
47,0
4,0
58,0
136,0
89,0
134,0
21,0
29,0
145,0
23,0
123,0
82,0
85,0
128,0
106,0
126,0
100,0
8,0
8,0
8,0
78,0
88,0
68,0
96,0
134,0
74,0
127,0
71,0
24,0
33,0
16,0
46,0
84,0
141,0
111,0
22,0
99,0
143,0
128,0
145,0
65,0
7,0
101,0
129,0
112,0
76,0
33,0
7,0
45,0
131,0
7,0
33,0
35,0
85,0
41,0
11,0
129,0
21,0
60,0
31,0
144,0
109,0
62,0
69,0
127,0
6,0
75,0
70,0
122,0
6,0
123,0
110,0
9,0
76,0
24,0
11,0
48,0
71,0
150,0
0,0
141,0
26,0
35,0
127,0
127,0
123,0
28,0
131,0
148,0
149,0
0,0
142,0
68,0
73,0
11,0
75,0
107,0
62,0
140,0
60,0
101,0
136,0
90,0
71,0
73,0
79,0
61,0
109,0
37,0
3,0
75,0
129,0
4,0
99,0
32,0
115,0
96,0
128,0
64,0
75,0
107,0
45,0
11,0
93,0
35,0
76,0
31,0
115,0
73,0
118,0
82,0
124,0
73,0
21,0
81,0
15,0
64,0
79,0
12,0
32,0
142,0
133,0
1,0
71,0
36,0
71,0
128,0
86,0
95,0
69,0
39,0
6,0
136,0
108,0
97,0
78,0
105,0
113,0
43,0
94,0
119,0
128,0
115,0
119,0
31,0
82,0
2,0
14,0
128,0
7,0
130,0
61,0
35,0
72,0
111,0
26,0
123,0
105,0
55,0
111,0
105,0
22,0
74,0
32,0
8,0
7,0
133,0
123,0
21,0
76,0
31,0
74,0
61,0
71,0
135,0
29,0
146,0
47,0
15,0
1,0
93,0
76,0
123,0
29,0
23,0
121,0
64,0
142,0
129,0
48,0
7,0
76,0
18,0
145,0
129,0
53,0
79,0
150,0
146,0
39,0
38,0
76,0
5,0
71,0
145,0
67,0
36,0
147,0
88,0
67,0
11,0
128,0
29,0
47,0
113,0
8,0
17,0
29,0
22,0
150,0
128,0
144,0
2,0
64,0
6,0
37,0
117,0
139,0
64,0
142,0
130,0
128,0
58,0
62,0
136,0
73,0
104,0
104,0
141,0
105,0
41,0
10,0
79,0
20,0
6,0
38,0
15,0
27,0
31,0
144,0
145,0
110,0
36,0
98,0
104,0
108,0
38,0
128,0
91,0
103,0
27,0
71,0
12,0
51,0
30,0
5,0
14,0
129,0
146,0
131,0
75,0
150,0
127,0
114,0
66,0
71,0
89,0
126,0
75,0
21,0
77,0
120,0
103,0
72,0
5,0
152,0
128,0
58,0
60,0
68,0
110,0
10,0
153,0
91,0
58,0
56,0
85,0
126,0
50,0
22,0
110,0
51,0
93,0
123,0
4,0
81,0
71,0
59,0
59,0
7,0
90,0
16,0
140,0
142,0
88,0
112,0
11,0
18,0
94,0
148,0
95,0
137,0
107,0
124,0
71,0
37,0
139,0
12,0
46,0
118,0
85,0
31,0
134,0
139,0
82,0
110,0
133,0
141,0
48,0
123,0
141,0
146,0
151,0
121,0
150,0
143,0
96,0
142,0
14,0
45,0
4,0
135,0
145,0
112,0
139,0
111,0
16,0
28,0
117,0
48,0
29,0
37,0
105,0
128,0
61,0
97,0
135,0
83,0
14,0
24,0
88,0
111,0
14,0
15,0
94,0
122,0
68,0
138,0
14,0
50,0
24,0
71,0
24,0
62,0
81,0
105,0
58,0
123,0
121,0
5,0
16,0
129,0
144,0
119,0
6,0
10,0
78,0
106,0
30,0
137,0
60,0
37,0
71,0
108,0
61,0
86,0
131,0
2,0
28,0
69,0
71,0
42,0
94,0
51,0
142,0
47,0
71,0
82,0
65,0
32,0
141,0
79,0
112,0
139,0
65,0
4,0
112,0
76,0
82,0
4,0
8,0
128,0
41,0
149,0
149,0
102,0
35,0
39,0
99,0
71,0
60,0
7,0
2,0
47,0
131,0
82,0
97,0
66,0
36,0
51,0
10,0
71,0
122,0
112,0
136,0
85,0
144,0
92,0
35,0
84,0
112,0
104,0
82,0
37,0
137,0
89,0
16,0
20,0
15,0
123,0
8,0
77,0
80,0
22,0
101,0
127,0
140,0
85,0
123,0
117,0
126,0
141,0
151,0
99,0
18,0
103,0
45,0
6,0
134,0
124,0
71,0
114,0
44,0
149,0
135,0
114,0
117,0
136,0
31,0
7,0
24,0
123,0
142,0
106,0
60,0
69,0
47,0
128,0
100,0
18,0
71,0
88,0
4,0
76,0
6,0
25,0
118,0
118,0
130,0
79,0
24,0
4,0
111,0
29,0
127,0
77,0
84,0
97,0
60,0
4,0
82,0
115,0
129,0
28,0
11,0
33,0
49,0
71,0
126,0
4,0
30,0
101,0
77,0
101,0
65,0
23,0
81,0
41,0
72,0
18,0
68,0
132,0
149,0
22,0
89,0
122,0
58,0
94,0
12,0
122,0
14,0
34,0
103,0
85,0
118,0
28,0
123,0
20,0
71,0
24,0
0,0
91,0
95,0
142,0
54,0
6,0
94,0
72,0
71,0
110,0
153,0
84,0
31,0
76,0
17,0
39,0
64,0
143,0
123,0
31,0
47,0
97,0
132,0
150,0
57,0
128,0
114,0
124,0
54,0
85,0
0,0
71,0
56,0
145,0
7,0
41,0
35,0
4,0
30,0
144,0
141,0
47,0
46,0
51,0
70,0
133,0
93,0
127,0
67,0
45,0
19,0
148,0
139,0
6,0
36,0
128,0
134,0
54,0
81,0
42,0
95,0
46,0
7,0
10,0
17,0
117,0
70,0
36,0
107,0
122,0
59,0
133,0
6,0
26,0
71,0
72,0
37,0
84,0
0,0
71,0
19,0
115,0
39,0
137,0
48,0
149,0
91,0
46,0
71,0
36,0
102,0
4,0
79,0
59,0
92,0
91,0
123,0
71,0
134,0
108,0
97,0
122,0
10,0
139,0
152,0
112,0
109,0
103,0
122,0
101,0
94,0
70,0
119,0
124,0
151,0
42,0
70,0
42,0
123,0
94,0
150,0
82,0
14,0
128,0
44,0
12,0
130,0
142,0
12,0
130,0
104,0
8,0
13,0
70,0
90,0
13,0
46,0
142,0
50,0
109,0
117,0
4,0
35,0
44,0
20,0
72,0
15,0
52,0
76,0
46,0
148,0
15,0
7,0
71,0
114,0
20,0
33,0
46,0
48,0
19,0
78,0
19,0
0,0
60,0
47,0
52,0
126,0
25,0
102,0
77,0
27,0
54,0
108,0
32,0
45,0
4,0
85,0
148,0
102,0
120,0
6,0
37,0
94,0
42,0
17,0
48,0
28,0
17,0
69,0
51,0
93,0
25,0
17,0
124,0
88,0
25,0
60,0
71,0
0,0
121,0
71,0
127,0
85,0
30,0
122,0
48,0
128,0
19,0
94,0
47,0
136,0
106,0
152,0
102,0
133,0
129,0
100,0
84,0
36,0
53,0
66,0
22,0
30,0
106,0
119,0
98,0
110,0
23,0
79,0
37,0
71,0
95,0
68,0
23,0
62,0
12,0
45,0
111,0
23,0
52,0
22,0
34,0
61,0
128,0
128,0
129,0
127,0
70,0
73,0
73,0
141,0
127,0
123,0
119,0
60,0
37,0
52,0
124,0
112,0
71,0
60,0
18,0
97,0
99,0
73,0
149,0
132,0
12,0
103,0
133,0
127,0
2,0
51,0
85,0
24,0
123,0
15,0
129,0
1,0
124,0
11,0
15,0
31,0
99,0
38,0
65,0
61,0
97,0
108,0
127,0
78,0
71,0
123,0
25,0
90,0
140,0
6,0
146,0
118,0
85,0
139,0
66,0
128,0
111,0
60,0
1,0
39,0
118,0
35,0
111,0
99,0
0,0
93,0
153,0
107,0
71,0
25,0
120,0
18,0
35,0
31,0
122,0
139,0
2,0
95,0
50,0
86,0
136,0
56,0
13,0
43,0
14,0
57,0
90,0
146,0
123,0
7,0
143,0
91,0
67,0
78,0
7,0
150,0
44,0
108,0
133,0
96,0
15,0
4,0
18,0
154,0
111,0
10,0
6,0
18,0
143,0
54,0
107,0
98,0
46,0
94,0
12,0
128,0
100,0
40,0
70,0
36,0
87,0
7,0
150,0
39,0
43,0
19,0
55,0
131,0
139,0
122,0
68,0
1,0
18,0
124,0
76,0
128,0
8,0
88,0
17,0
105,0
109,0
101,0
88,0
127,0
128,0
94,0
38,0
137,0
100,0
50,0
35,0
47,0
88,0
95,0
129,0
71,0
38,0
30,0
45,0
123,0
120,0
82,0
45,0
152,0
145,0
59,0
75,0
128,0
34,0
128,0
91,0
122,0
25,0
127,0
150,0
20,0
46,0
51,0
70,0
100,0
137,0
124,0
142,0
130,0
128,0
134,0
89,0
4,0
36,0
50,0
72,0
80,0
87,0
68,0
14,0
141,0
133,0
89,0
70,0
149,0
43,0
111,0
14,0
153,0
134,0
6,0
36,0
67,0
74,0
112,0
54,0
125,0
18,0
48,0
5,0
128,0
33,0
15,0
115,0
16,0
100,0
4,0
25,0
49,0
89,0
153,0
33,0
126,0
25,0
7,0
6,0
62,0
27,0
67,0
109,0
142,0
26,0
47,0
30,0
91,0
137,0
72,0
104,0
97,0
105,0
62,0
74,0
127,0
133,0
12,0
33,0
26,0
100,0
125,0
7,0
115,0
83,0
79,0
12,0
24,0
71,0
23,0
94,0
30,0
131,0
46,0
62,0
83,0
7,0
95,0
46,0
84,0
104,0
96,0
8,0
31,0
114,0
128,0
23,0
72,0
128,0
83,0
18,0
71,0
33,0
49,0
112,0
51,0
50,0
76,0
69,0
142,0
68,0
96,0
47,0
88,0
61,0
15,0
19,0
56,0
115,0
105,0
145,0
139,0
64,0
18,0
80,0
123,0
91,0
141,0
50,0
11,0
82,0
149,0
124,0
129,0
114,0
21,0
122,0
9,0
75,0
79,0
129,0
85,0
99,0
24,0
61,0
2,0
127,0
8,0
71,0
57,0
141,0
25,0
106,0
10,0
121,0
16,0
71,0
116,0
66,0
25,0
93,0
8,0
26,0
102,0
28,0
60,0
104,0
36,0
92,0
71,0
62,0
51,0
91,0
36,0
35,0
96,0
18,0
36,0
91,0
102,0
122,0
11,0
42,0
21,0
29,0
150,0
4,0
68,0
26,0
77,0
108,0
0,0
66,0
114,0
54,0
57,0
2,0
7,0
30,0
128,0
13,0
117,0
0,0
26,0
71,0
145,0
4,0
1,0
123,0
85,0
39,0
91,0
94,0
3,0
88,0
91,0
4,0
54,0
126,0
71,0
97,0
119,0
112,0
100,0
110,0
134,0
47,0
26,0
71,0
123,0
73,0
133,0
148,0
70,0
87,0
128,0
33,0
117,0
60,0
4,0
6,0
41,0
99,0
104,0
58,0
75,0
82,0
3,0
127,0
28,0
123,0
148,0
109,0
111,0
128,0
121,0
100,0
145,0
146,0
37,0
82,0
31,0
149,0
58,0
115,0
37,0
115,0
30,0
7,0
104,0
116,0
127,0
97,0
45,0
22,0
114,0
6,0
143,0
35,0
95,0
23,0
7,0
133,0
150,0
126,0
151,0
148,0
105,0
20,0
150,0
86,0
118,0
105,0
49,0
55,0
42,0
87,0
60,0
43,0
12,0
123,0
73,0
126,0
26,0
79,0
93,0
14,0
145,0
135,0
104,0
1,0
88,0
22,0
137,0
77,0
115,0
86,0
120,0
48,0
14,0
1,0
121,0
17,0
102,0
148,0
22,0
143,0
16,0
40,0
21,0
143,0
36,0
84,0
12,0
139,0
135,0
143,0
51,0
37,0
148,0
79,0
105,0
23,0
104,0
132,0
128,0
44,0
46,0
119,0
114,0
11,0
102,0
12,0
1,0
123,0
128,0
100,0
142,0
44,0
44,0
104,0
87,0
0,0
0,0
61,0
123,0
100,0
33,0
70,0
95,0
120,0
94,0
101,0
133,0
24,0
117,0
144,0
123,0
71,0
18,0
48,0
125,0
90,0
35,0
127,0
111,0
152,0
110,0
94,0
35,0
115,0
45,0
95,0
11,0
151,0
3,0
96,0
20,0
67,0
71,0
127,0
26,0
128,0
106,0
51,0
115,0
88,0
67,0
13,0
100,0
98,0
64,0
132,0
9,0
30,0
115,0
114,0
57,0
22,0
60,0
55,0
49,0
60,0
120,0
26,0
125,0
123,0
49,0
128,0
46,0
126,0
6,0
31,0
129,0
23,0
33,0
71,0
135,0
6,0
58,0
36,0
117,0
54,0
128,0
151,0
24,0
23,0
9,0
3,0
14,0
133,0
71,0
133,0
128,0
106,0
71,0
97,0
47,0
53,0
64,0
36,0
128,0
95,0
85,0
45,0
37,0
127,0
120,0
88,0
128,0
6,0
82,0
110,0
71,0
124,0
103,0
30,0
37,0
27,0
66,0
25,0
95,0
27,0
118,0
97,0
33,0
55,0
48,0
106,0
27,0
150,0
59,0
86,0
134,0
62,0
70,0
97,0
150,0
35,0
54,0
109,0
6,0
46,0
50,0
71,0
128,0
1,0
28,0
97,0
6,0
92,0
128,0
142,0
66,0
92,0
97,0
12,0
131,0
6,0
46,0
103,0
129,0
138,0
46,0
143,0
96,0
84,0
49,0
119,0
8,0
64,0
51,0
89,0
94,0
107,0
92,0
2,0
73,0
151,0
152,0
4,0
7,0
61,0
49,0
142,0
20,0
46,0
111,0
32,0
41,0
68,0
121,0
141,0
143,0
131,0
101,0
83,0
143,0
82,0
68,0
149,0
108,0
141,0
143,0
111,0
56,0
71,0
154,0
123,0
111,0
117,0
115,0
31,0
26,0
35,0
46,0
96,0
17,0
7,0
74,0
97,0
49,0
55,0
26,0
91,0
8,0
142,0
97,0
15,0
62,0
37,0
106,0
76,0
56,0
18,0
78,0
56,0
126,0
92,0
30,0
99,0
89,0
8,0
23,0
88,0
35,0
46,0
91,0
82,0
115,0
12,0
33,0
42,0
31,0
53,0
79,0
16,0
98,0
97,0
128,0
60,0
8,0
68,0
96,0
46,0
128,0
71,0
35,0
99,0
33,0
23,0
123,0
48,0
30,0
122,0
76,0
80,0
127,0
46,0
42,0
115,0
25,0
120,0
26,0
11,0
5,0
133,0
132,0
84,0
86,0
119,0
25,0
104,0
106,0
30,0
11,0
29,0
26,0
50,0
115,0
106,0
39,0
90,0
71,0
128,0
133,0
24,0
37,0
8,0
147,0
32,0
124,0
19,0
151,0
49,0
113,0
48,0
29,0
51,0
97,0
31,0
126,0
97,0
135,0
150,0
75,0
117,0
138,0
152,0
81,0
49,0
27,0
31,0
56,0
1,0
20,0
111,0
134,0
31,0
11,0
129,0
134,0
131,0
65,0
126,0
134,0
102,0
55,0
64,0
64,0
15,0
37,0
10,0
71,0
146,0
141,0
123,0
2,0
14,0
154,0
119,0
14,0
18,0
94,0
16,0
18,0
61,0
107,0
149,0
146,0
123,0
84,0
127,0
151,0
21,0
14,0
37,0
88,0
115,0
33,0
71,0
56,0
75,0
111,0
35,0
89,0
66,0
95,0
95,0
67,0
57,0
134,0
38,0
141,0
6,0
34,0
18,0
106,0
73,0
149,0
131,0
64,0
3,0
91,0
132,0
123,0
4,0
92,0
116,0
1,0
82,0
64,0
29,0
96,0
78,0
45,0
48,0
50,0
144,0
47,0
92,0
82,0
145,0
123,0
94,0
124,0
88,0
129,0
41,0
111,0
50,0
37,0
17,0
64,0
129,0
114,0
108,0
1,0
142,0
43,0
30,0
47,0
12,0
129,0
77,0
129,0
37,0
75,0
1,0
123,0
45,0
48,0
149,0
130,0
47,0
6,0
143,0
10,0
65,0
146,0
141,0
25,0
78,0
134,0
90,0
50,0
104,0
73,0
37,0
16,0
65,0
85,0
114,0
85,0
66,0
68,0
71,0
71,0
7,0
50,0
124,0
115,0
118,0
10,0
102,0
60,0
51,0
21,0
82,0
96,0
132,0
39,0
71,0
122,0
105,0
37,0
124,0
143,0
124,0
93,0
47,0
128,0
61,0
19,0
138,0
35,0
135,0
49,0
12,0
95,0
61,0
120,0
107,0
123,0
32,0
71,0
40,0
48,0
60,0
72,0
5,0
36,0
27,0
53,0
101,0
142,0
26,0
71,0
48,0
52,0
118,0
71,0
63,0
68,0
20,0
102,0
57,0
142,0
145,0
129,0
134,0
92,0
7,0
142,0
36,0
46,0
10,0
88,0
25,0
44,0
48,0
106,0
149,0
51,0
46,0
6,0
71,0
128,0
127,0
101,0
1,0
93,0
7,0
68,0
38,0
13,0
131,0
45,0
123,0
105,0
12,0
82,0
141,0
127,0
95,0
84,0
3,0
100,0
141,0
117,0
120,0
63,0
95,0
32,0
118,0
113,0
122,0
71,0
123,0
32,0
76,0
36,0
84,0
82,0
130,0
88,0
140,0
40,0
76,0
153,0
130,0
47,0
37,0
140,0
95,0
31,0
131,0
21,0
99,0
128,0
134,0
23,0
134,0
44,0
86,0
17,0
123,0
127,0
46,0
130,0
18,0
25,0
114,0
128,0
123,0
46,0
150,0
47,0
43,0
127,0
108,0
117,0
10,0
133,0
40,0
96,0
91,0
138,0
112,0
25,0
126,0
46,0
93,0
135,0
30,0
121,0
68,0
50,0
42,0
62,0
66,0
70,0
120,0
94,0
144,0
64,0
66,0
110,0
95,0
67,0
115,0
56,0
152,0
51,0
6,0
33,0
44,0
129,0
34,0
48,0
89,0
143,0
12,0
60,0
73,0
64,0
123,0
7,0
131,0
71,0
65,0
146,0
66,0
123,0
29,0
71,0
111,0
19,0
122,0
82,0
109,0
48,0
6,0
89,0
4,0
74,0
13,0
104,0
70,0
143,0
103,0
107,0
0,0
44,0
6,0
28,0
7,0
77,0
151,0
68,0
110,0
148,0
2,0
14,0
51,0
23,0
118,0
140,0
50,0
86,0
124,0
117,0
84,0
28,0
123,0
84,0
44,0
104,0
11,0
52,0
48,0
113,0
6,0
55,0
51,0
123,0
149,0
4,0
111,0
23,0
6,0
141,0
33,0
132,0
137,0
145,0
59,0
50,0
139,0
71,0
76,0
109,0
24,0
111,0
68,0
53,0
56,0
151,0
150,0
17,0
129,0
40,0
124,0
3,0
132,0
106,0
34,0
53,0
4,0
0,0
95,0
7,0
20,0
50,0
148,0
95,0
65,0
119,0
85,0
54,0
1,0
25,0
47,0
78,0
127,0
18,0
23,0
86,0
118,0
7,0
144,0
133,0
150,0
43,0
76,0
37,0
103,0
93,0
118,0
46,0
6,0
88,0
128,0
89,0
58,0
100,0
9,0
6,0
16,0
12,0
27,0
15,0
128,0
122,0
43,0
28,0
111,0
75,0
48,0
28,0
139,0
146,0
14,0
37,0
39,0
123,0
145,0
30,0
53,0
40,0
40,0
59,0
117,0
7,0
63,0
142,0
118,0
56,0
153,0
148,0
109,0
47,0
68,0
127,0
41,0
108,0
115,0
28,0
56,0
48,0
123,0
110,0
113,0
77,0
148,0
101,0
128,0
36,0
56,0
120,0
141,0
108,0
82,0
110,0
82,0
71,0
118,0
104,0
42,0
64,0
103,0
33,0
133,0
132,0
43,0
123,0
68,0
122,0
120,0
100,0
91,0
6,0
16,0
56,0
94,0
12,0
52,0
15,0
66,0
93,0
29,0
33,0
18,0
30,0
35,0
71,0
30,0
98,0
73,0
76,0
69,0
25,0
51,0
58,0
4,0
53,0
109,0
29,0
6,0
30,0
117,0
54,0
29,0
6,0
129,0
46,0
148,0
88,0
57,0
59,0
70,0
38,0
107,0
110,0
23,0
137,0
71,0
128,0
124,0
149,0
6,0
134,0
3,0
65,0
96,0
94,0
82,0
48,0
127,0
82,0
132,0
83,0
27,0
100,0
37,0
81,0
21,0
31,0
107,0
75,0
71,0
140,0
137,0
113,0
123,0
114,0
14,0
18,0
4,0
2,0
104,0
64,0
16,0
125,0
149,0
57,0
44,0
98,0
144,0
39,0
87,0
48,0
143,0
153,0
149,0
82,0
94,0
114,0
111,0
100,0
108,0
46,0
99,0
50,0
69,0
113,0
40,0
107,0
19,0
47,0
75,0
148,0
105,0
127,0
20,0
16,0
115,0
7,0
132,0
71,0
135,0
122,0
128,0
12,0
61,0
135,0
18,0
11,0
110,0
46,0
141,0
152,0
143,0
40,0
142,0
88,0
76,0
33,0
26,0
146,0
5,0
31,0
133,0
42,0
124,0
65,0
146,0
150,0
94,0
83,0
127,0
20,0
45,0
128,0
78,0
7,0
112,0
141,0
20,0
134,0
85,0
39,0
139,0
46,0
71,0
100,0
29,0
107,0
57,0
120,0
30,0
42,0
85,0
38,0
79,0
15,0
145,0
74,0
47,0
88,0
151,0
149,0
100,0
21,0
60,0
6,0
67,0
71,0
53,0
47,0
62,0
42,0
103,0
129,0
48,0
82,0
94,0
0,0
33,0
57,0
154,0
33,0
7,0
12,0
48,0
67,0
53,0
37,0
54,0
18,0
23,0
33,0
103,0
23,0
108,0
121,0
140,0
143,0
117,0
51,0
75,0
78,0
127,0
23,0
130,0
146,0
78,0
148,0
0,0
18,0
100,0
88,0
61,0
42,0
72,0
61,0
44,0
47,0
136,0
37,0
127,0
76,0
0,0
95,0
50,0
107,0
82,0
71,0
118,0
50,0
101,0
131,0
123,0
108,0
106,0
90,0
27,0
130,0
128,0
82,0
100,0
71,0
44,0
18,0
53,0
135,0
75,0
0,0
14,0
7,0
92,0
94,0
55,0
40,0
84,0
19,0
59,0
95,0
68,0
136,0
123,0
53,0
2,0
72,0
151,0
146,0
0,0
71,0
55,0
81,0
12,0
85,0
77,0
7,0
56,0
128,0
30,0
46,0
72,0
28,0
5,0
100,0
114,0
47,0
29,0
142,0
99,0
83,0
89,0
115,0
6,0
67,0
4,0
84,0
139,0
134,0
57,0
72,0
64,0
4,0
119,0
33,0
93,0
98,0
71,0
62,0
24,0
136,0
7,0
34,0
76,0
23,0
119,0
76,0
39,0
131,0
8,0
71,0
12,0
98,0
70,0
68,0
31,0
102,0
151,0
137,0
46,0
47,0
145,0
54,0
37,0
0,0
37,0
78,0
6,0
141,0
29,0
31,0
115,0
1,0
105,0
143,0
133,0
111,0
74,0
117,0
110,0
131,0
76,0
151,0
0,0
112,0
9,0
71,0
142,0
96,0
133,0
141,0
114,0
50,0
122,0
0,0
84,0
137,0
71,0
79,0
69,0
42,0
6,0
75,0
110,0
43,0
146,0
19,0
118,0
98,0
26,0
51,0
6,0
84,0
61,0
144,0
114,0
88,0
153,0
75,0
140,0
71,0
130,0
38,0
142,0
146,0
75,0
9,0
80,0
50,0
143,0
37,0
127,0
39,0
35,0
67,0
58,0
91,0
128,0
139,0
95,0
35,0
79,0
48,0
50,0
59,0
96,0
8,0
39,0
32,0
153,0
5,0
59,0
67,0
23,0
89,0
7,0
117,0
71,0
41,0
16,0
82,0
124,0
152,0
13,0
123,0
7,0
12,0
43,0
7,0
85,0
144,0
40,0
36,0
2,0
75,0
154,0
145,0
48,0
12,0
44,0
70,0
138,0
132,0
133,0
60,0
53,0
76,0
123,0
89,0
101,0
90,0
141,0
149,0
51,0
142,0
24,0
123,0
6,0
86,0
69,0
6,0
14,0
91,0
141,0
97,0
40,0
40,0
145,0
149,0
96,0
71,0
94,0
112,0
23,0
20,0
127,0
30,0
41,0
57,0
43,0
2,0
96,0
122,0
109,0
39,0
65,0
44,0
48,0
3,0
102,0
91,0
84,0
114,0
64,0
96,0
111,0
128,0
9,0
119,0
24,0
61,0
90,0
119,0
137,0
33,0
55,0
130,0
145,0
41,0
38,0
97,0
55,0
81,0
145,0
102,0
44,0
33,0
123,0
58,0
38,0
152,0
17,0
124,0
21,0
33,0
106,0
13,0
74,0
129,0
115,0
149,0
72,0
56,0
34,0
135,0
59,0
24,0
110,0
118,0
4,0
57,0
88,0
30,0
71,0
126,0
151,0
61,0
86,0
68,0
85,0
99,0
73,0
8,0
87,0
7,0
12,0
39,0
68,0
93,0
6,0
27,0
7,0
123,0
70,0
41,0
118,0
70,0
126,0
23,0
106,0
36,0
1,0
47,0
55,0
78,0
130,0
99,0
37,0
123,0
112,0
105,0
123,0
140,0
52,0
91,0
78,0
45,0
85,0
69,0
9,0
135,0
118,0
19,0
148,0
49,0
11,0
69,0
34,0
123,0
57,0
71,0
25,0
68,0
143,0
96,0
132,0
129,0
92,0
39,0
133,0
5,0
92,0
108,0
88,0
114,0
110,0
150,0
55,0
57,0
24,0
17,0
63,0
23,0
149,0
48,0
126,0
122,0
6,0
121,0
31,0
0,0
150,0
29,0
128,0
109,0
104,0
72,0
127,0
3,0
118,0
120,0
128,0
30,0
110,0
132,0
96,0
35,0
91,0
38,0
14,0
0,0
128,0
143,0
125,0
142,0
71,0
123,0
33,0
51,0
131,0
53,0
142,0
110,0
25,0
67,0
99,0
88,0
129,0
56,0
1,0
38,0
96,0
100,0
48,0
100,0
20,0
29,0
31,0
23,0
114,0
35,0
6,0
128,0
123,0
99,0
14,0
31,0
24,0
29,0
7,0
37,0
136,0
88,0
43,0
55,0
69,0
51,0
123,0
78,0
61,0
56,0
49,0
0,0
1,0
123,0
45,0
70,0
46,0
65,0
128,0
71,0
6,0
151,0
10,0
69,0
60,0
118,0
92,0
68,0
111,0
150,0
30,0
148,0
8,0
59,0
126,0
128,0
145,0
47,0
31,0
46,0
102,0
123,0
0,0
11,0
46,0
128,0
67,0
55,0
108,0
22,0
23,0
123,0
128,0
136,0
7,0
8,0
23,0
24,0
125,0
55,0
136,0
144,0
128,0
119,0
138,0
30,0
128,0
82,0
123,0
12,0
69,0
44,0
99,0
8,0
11,0
33,0
128,0
16,0
19,0
82,0
101,0
32,0
43,0
36,0
70,0
23,0
70,0
50,0
128,0
110,0
41,0
6,0
2,0
141,0
108,0
145,0
47,0
133,0
152,0
7,0
150,0
36,0
3,0
124,0
12,0
56,0
1,0
23,0
58,0
123,0
127,0
113,0
39,0
44,0
107,0
71,0
42,0
59,0
65,0
96,0
123,0
110,0
72,0
44,0
145,0
3,0
153,0
128,0
36,0
46,0
114,0
32,0
97,0
31,0
6,0
115,0
54,0
146,0
75,0
130,0
129,0
99,0
144,0
56,0
97,0
8,0
61,0
1,0
44,0
7,0
108,0
6,0
38,0
117,0
15,0
128,0
133,0
103,0
48,0
40,0
106,0
113,0
30,0
105,0
23,0
24,0
30,0
37,0
29,0
43,0
10,0
129,0
150,0
104,0
90,0
151,0
132,0
48,0
37,0
137,0
49,0
44,0
93,0
34,0
71,0
101,0
130,0
55,0
23,0
36,0
58,0
97,0
93,0
128,0
83,0
29,0
150,0
149,0
13,0
86,0
0,0
59,0
137,0
78,0
73,0
107,0
5,0
62,0
107,0
20,0
55,0
123,0
84,0
20,0
43,0
26,0
38,0
94,0
30,0
114,0
8,0
115,0
123,0
107,0
8,0
123,0
31,0
94,0
44,0
142,0
3,0
112,0
64,0
106,0
119,0
7,0
28,0
111,0
20,0
79,0
32,0
94,0
29,0
85,0
115,0
32,0
132,0
62,0
49,0
139,0
108,0
124,0
136,0
135,0
110,0
143,0
10,0
9,0
81,0
127,0
93,0
49,0
124,0
83,0
47,0
71,0
71,0
135,0
46,0
11,0
37,0
63,0
122,0
143,0
76,0
107,0
58,0
43,0
75,0
123,0
129,0
49,0
117,0
150,0
83,0
78,0
42,0
43,0
7,0
29,0
132,0
39,0
7,0
133,0
30,0
94,0
67,0
99,0
125,0
60,0
98,0
50,0
102,0
119,0
10,0
68,0
39,0
10,0
46,0
23,0
33,0
65,0
126,0
12,0
127,0
50,0
34,0
55,0
137,0
48,0
144,0
98,0
103,0
29,0
139,0
8,0
66,0
122,0
144,0
88,0
106,0
3,0
62,0
67,0
3,0
82,0
34,0
13,0
142,0
17,0
128,0
10,0
71,0
13,0
142,0
24,0
143,0
87,0
128,0
9,0
85,0
106,0
134,0
142,0
71,0
32,0
115,0
137,0
68,0
124,0
117,0
50,0
130,0
27,0
72,0
56,0
133,0
100,0
117,0
16,0
75,0
124,0
71,0
25,0
16,0
22,0
37,0
46,0
120,0
69,0
144,0
60,0
149,0
64,0
129,0
112,0
4,0
96,0
17,0
41,0
115,0
56,0
103,0
46,0
144,0
8,0
11,0
92,0
86,0
119,0
130,0
40,0
36,0
109,0
38,0
60,0
95,0
29,0
99,0
88,0
136,0
126,0
141,0
142,0
150,0
123,0
118,0
133,0
112,0
89,0
51,0
81,0
69,0
117,0
151,0
71,0
153,0
123,0
133,0
101,0
51,0
43,0
11,0
128,0
54,0
78,0
56,0
11,0
111,0
142,0
89,0
56,0
78,0
36,0
23,0
150,0
141,0
71,0
106,0
69,0
6,0
0,0
33,0
144,0
146,0
141,0
7,0
56,0
146,0
62,0
29,0
29,0
20,0
97,0
64,0
121,0
95,0
18,0
123,0
116,0
10,0
146,0
51,0
101,0
35,0
9,0
50,0
71,0
149,0
143,0
8,0
124,0
46,0
15,0
107,0
85,0
122,0
16,0
65,0
109,0
56,0
47,0
33,0
24,0
65,0
72,0
6,0
92,0
11,0
49,0
93,0
102,0
107,0
68,0
106,0
82,0
149,0
80,0
129,0
127,0
